,community_area,"legacy telephone (ADSL, asym xDSL)",satellite,fixed wireless,modern telephone (VDSL),"modern cable (DOCSIS 3.0, 3.1)",fiber,other internet,n_providers,under 25/3 Mbps,between 25/3 and 100/20 Mbps,over 100/20 Mbps,only satellite/fixed,only under 25/3 Mbps,at least 25/3 but under 100/20 Mbps,at least 100/20 Mbps,population,hh_internet,hh_no_internet,hh_no_computer,total households,hh_computer,hh_broadband,hh_median_income,hh_poverty(%),total_hispanic,total_black,hh_unemployment(%),total_white,total_asian,number of high-speed internet options
0,ALBANY PARK,1.2345770962608487,3.0000000000000004,0.5928506500989298,0.6272130693899195,0.9732954416789573,0.5005452821522965,0.0,3.0576976421311244,0.9181722317431824,0.6272240890554515,1.5123013213324898,0.012070621155248302,0.003653920397350001,0.004103558280703432,0.9801719001666983,49961.1873689161,13540.17568428065,2679.8561133678854,1808.666452176472,16969.19032838024,15160.523876203766,13529.057582847308,62350.19590798593,13.367367686698897,22427.03688083272,2463.9074951900257,30.152399670116786,16129.777896747904,7416.6425084914,1.4738407238312539
1,ARCHER HEIGHTS,1.1770645434722105,2.999786541172187,0.6505881226421736,0.68719081978462,0.9152030533600317,0.11624852417739526,0.0025667224067605727,2.6728444987950084,0.9542037994863547,0.687189121771226,1.0314515775374271,0.03758487483867084,0.02088367470859435,0.023311808263298785,0.918219642189436,13813.72372629315,2903.796993335327,777.2773086336335,716.0103789711643,3942.2730803872255,3226.262701416061,2903.7932653086145,49518.49243417743,13.145300873380675,10698.835075014336,132.8923353478984,35.49936202096371,2118.54174693135,822.541349637271,1.031451577537427
2,ARMOUR SQUARE,0.8394430314085265,2.9999086408769533,0.44206176178673273,0.4267956008362522,0.6295215610205445,0.0028276649108137223,0.00272111966554988,1.7036685809547487,0.6220518979296605,0.43525399209740956,0.6463663576335645,0.30107821102705745,0.0468875074470612,0.03355888698732894,0.6184753945385524,13615.52872665341,3711.651910710498,1484.5837876775486,1328.8326603054131,5418.6102497853735,4089.77758947996,3700.641830467853,34940.46282083398,29.96757258290116,611.9171855933868,1137.7052190312422,45.1217256274879,1916.56133716468,9894.442260632228,0.6323492259313582
3,ASHBURN,0.8543909777512138,3.0,0.2820879916971952,0.5560691057306192,1.8008441997746532,0.32710734189260954,0.0,3.4418672103747703,0.7578443378708482,0.5560692412695741,2.1279536312343477,0.031642398371574905,0.003047918184163975,0.0030445298276468953,0.9622651536166142,43495.86435889769,10482.281640806083,1849.1605895630153,1282.8530691148226,13170.681802317757,11887.828733202936,10475.094019862427,70554.8124565435,10.472491041194319,17946.14438669536,19997.10170549471,32.55659774786876,4109.421474165747,409.1785185759688,2.1279515416672625
4,AUBURN GRESHAM,1.0230918969299578,2.999999943993716,0.38282545282936836,0.7027128597202812,1.7798636747342969,0.11176512980808796,0.0,3.5245204469854503,0.9301787827227842,0.703863067282953,1.890478596979713,0.03616606811122264,0.0023302432585634927,0.003769884034851815,0.9577338045953621,45990.553682508165,10410.330619040826,5288.81218126044,3438.81262319065,17183.611168841297,13744.798545650645,10307.522943165146,34480.41400143026,23.570763472409023,1005.565056933782,43864.26300809476,44.917289094656645,525.7527634086306,141.22041256781978,1.8916288045423848
5,AUSTIN,1.2077779180020272,2.9999999999999996,0.6383684916371442,0.7765291623587811,0.943030062340261,0.18401346627511717,0.00029833906276072685,2.843895112708985,0.9394897717397159,0.7775977842234795,1.1268075567457898,0.039714963526533566,0.005037120561877057,0.0110440437309138,0.9442038721806754,93915.01759643969,21146.99404501807,9814.315560961115,7205.338584087054,32710.344155940675,25505.005571853617,21120.161892261345,37704.52678836944,23.733315827457503,14275.314394486664,72908.42189657109,42.5963427633536,5290.20078728851,439.55086248722137,1.1270435286153782
6,AVALON PARK,0.9443470074152485,3.0000000000000004,0.3701066691441583,0.2909261420684437,1.490913028003268,7.488505768676236e-05,0.0,2.6017068196109046,0.8197927644815061,0.2909261420684437,1.490987913060955,0.14619068258914192,0.02252629837812515,2.122929935372392e-07,0.8312828067397395,9595.872447003969,2804.018025776892,1016.5334994300051,971.0380472009584,3955.537657792765,2984.4996105918062,2789.309567429254,45327.81542170876,16.799901825192894,9.394273211735225,9266.808017974552,46.44599050741303,92.66832669162086,68.3303276684004,1.490987913060955
7,AVONDALE,1.1016584295306269,3.0000000000000004,0.460125762875705,0.502541138390966,0.9334861961751982,0.810945530886495,6.691232977105688e-08,3.1354173614867875,0.8625041425948737,0.5042980420631851,1.768615176828729,0.062122669159126336,4.4363622098794786e-06,0.0016937868299705993,0.9361791076486934,38126.3044639971,11011.93208044078,2075.7101727748927,1310.606961703368,13642.66340664591,12332.05644494254,10917.948190812564,66524.86863905951,12.858796168067302,21475.600081263543,795.0680961480431,26.88543746720414,13236.965778327138,1591.5513949766696,1.7444317270616931
8,BELMONT CRAGIN,1.1981124352878825,3.0,0.5298800242671209,0.8405019033305449,0.9869146336132637,0.39525881434420757,0.0,3.180391624623905,0.9559286057295724,0.841209454730407,1.3832535641639254,0.008651293009120662,8.41946670689312e-07,0.004422301604575724,0.9869255634396328,78624.39134139262,16355.359962359662,4954.0042764291,3285.04474848164,22484.456521306172,19199.41177282453,16296.130278850473,52327.32611387261,13.533539408343652,63778.1122690889,1922.559979613956,33.10606263125673,10409.791556575485,1455.3263885239649,1.3821734479574712
9,BEVERLY,1.2091568567632547,3.0000000000000004,0.4135842090923052,0.5780856050747717,1.8650454225141582,0.003974826271030603,0.0,3.421518653132373,0.9744190680843385,0.5780793362628462,1.8690202487851884,0.011073890074522356,0.005501958777999273,0.0013102369237152534,0.9821139142237632,19848.20618054637,6678.372167824864,589.4070206045369,299.78429163129937,7497.586146613118,7197.80185498182,6668.30041442297,103665.2784660766,3.4372582977046604,981.8513110990165,6832.584503643696,34.76568981774965,11377.259377604878,160.1026863960151,1.8690202487851888
10,BRIDGEPORT,1.1122797500368862,2.999796744162284,0.6198284032910449,0.6243260877216981,0.9114417891064304,0.0445790416023045,0.0023351041734174433,2.4999529720709153,0.9098791269780394,0.6243304522911486,0.9657518617949652,0.06715270751355454,0.012331820852607384,0.009084419782599771,0.9114310518512383,34287.86270229022,10812.88706460759,1674.1796094563279,1513.4674514739336,12898.81413879491,11385.346687320976,10789.036404092301,55405.15127100342,12.304546067632662,7512.17598485422,1041.8079014704372,33.15106414507683,11704.223206889936,13591.407166758294,0.9560208307087349
11,BRIGHTON PARK,1.151536614533419,2.999079167905265,0.5076967345761637,0.5458719260862205,0.952956254124695,0.17125263357244877,2.209052396942033e-06,2.6229324171031174,0.9528516033197532,0.545871960778381,1.1242088530049834,0.029216459856380515,0.010413711950053308,0.00732023591470861,0.9530495922788574,44341.894799915855,9536.095754916456,2629.3939714384815,2115.6940774823993,12577.733041425065,10462.038963942665,9488.191589347392,42318.073718003536,20.77019059358527,35768.5413609573,658.437860370397,37.3683911587423,3036.8971064771044,4499.812054833168,1.1242088876971437
12,BURNSIDE,1.0102195469284487,3.0,0.17319793050199597,0.7247969568621833,1.7042869757261652,1.2655724939921476e-05,0.0,3.337378079058548,0.9082814907452601,0.7247969568621833,1.704299631451105,0.07131733497192413,1.510707831552435e-07,3.806387728370235e-05,0.9286444500800093,1996.539755435092,475.2427356503132,372.81530210970203,329.04815041476866,883.9418703066927,554.8937198919241,462.29078858916057,28875.2626085578,7.535465316744486,38.83992255214445,1921.8383905784904,43.607067175582586,10.00907838009937,0.014113903727005139,1.7042996314511052
13,CALUMET HEIGHTS,0.9684987313784795,2.9999994685147953,0.3479574406984529,0.5882347537434256,1.6157554952929094,0.0,0.0,3.067834981381215,0.8638447323448794,0.5882347537434256,1.6157554952929094,0.11197235895513585,0.005334820145798449,0.011475466104434508,0.8712173547946311,12810.389279725072,4270.890517033191,969.1366484128068,864.0629764825266,5317.036179557614,4452.973203075087,4229.936061286329,47927.48044480015,10.80140679262275,476.8732820671754,12051.605665130293,43.02453504736994,142.89370639472574,8.998168022037413,1.6157554952929094
14,CHATHAM,1.0924646549241965,2.9999985847246906,0.23701038754841194,0.7146389804359241,1.802190357421918,0.14120163084318513,0.0,3.5879484324419844,0.9299174637409575,0.7169230723053778,1.9411078963956492,0.03607775367403219,0.008890891263618098,0.005093195420885287,0.9499381596414643,31093.151904749742,9324.325763939,4148.957977501475,2624.3533590641123,13961.44134748333,11337.087988419222,9313.93768892638,37167.66232012929,26.135635461514404,262.76954492739696,29746.912038662675,40.07677434956799,585.586013838071,125.31185611801413,1.9433919882651032
15,CHICAGO LAWN,1.0712054452833781,2.994212645918885,0.3097396058784529,0.6979748930583946,1.8443178338738668,0.00026073465063259076,0.0,3.510231667443228,0.9676782058603343,0.6979748930583946,1.8445785685244995,0.028009058892424266,0.005089692964448383,0.003580322678968432,0.963320925464159,51184.23804477962,11277.186097841528,3869.2409602355883,3222.4385926087675,16312.102083778525,13089.663491169757,11256.14616241142,37001.030348853084,21.549716175365806,26409.5142493881,22089.32797010912,37.83375115885167,1521.622961183144,263.2174569235852,1.8445785685244995
16,CLEARING,1.093494471247193,3.000000000000001,0.4270946311992114,0.48105784433106147,0.9708213982589674,0.5348858952244175,0.0,2.861005557839378,0.8762011140218015,0.47909714819313537,1.5057072956244413,0.021255053312975957,0.0023599585986242544,0.013278796725890054,0.9631061913625099,25020.690244310048,7052.236958124267,1465.7429903323527,1349.7040426730696,8850.003488787072,7500.299446114001,7004.02423975936,61251.38354496594,9.270259034581015,13540.065130977624,566.7663044250244,35.46515841769433,10451.839093227101,126.08801691874402,1.5057072934833848
17,DOUGLAS,1.0934709823193116,2.9803378450186204,0.2775650112207991,0.22842286564964354,1.4146787787061061,0.11716582771432493,0.0,2.2517936185004315,0.7489247052504521,0.727569015716264,0.7752998975337152,0.18028310800358627,0.1300044796512543,0.045698688404606655,0.6440137239405527,21345.175063631777,7750.3446178951235,1776.3993257596455,1277.2602238406434,9766.987324492638,8489.727100651995,7722.355364484576,39151.5383197887,27.85820219003501,729.7342656621989,14213.853254305335,44.790815197185594,2435.9566372890135,3163.458930021292,1.5318446064204312
18,DUNNING,1.0269075857499372,2.999999999999999,0.45640698454761225,0.6919439645068408,0.9772039953963322,0.8583361282403552,0.0,3.374929159153079,0.8474450647892572,0.6919439738989588,1.8355401204648634,0.008082925419223503,0.002515834233078657,0.011159846574595515,0.9782413937731024,43419.462101484714,12017.868241807744,2982.0658386242967,2054.17725262886,15466.745305048817,13412.568052419956,11810.924324814598,71146.30324590816,4.840146243484249,12849.481928362535,721.9728132288765,34.70828035878957,27061.765983143767,2507.412913572326,1.8355401236366875
19,EAST GARFIELD PARK,1.1002959630603928,2.9999999999999996,0.5743624559415683,0.6251403709291776,0.862054674948357,0.0003643409616387031,1.0587885765406495e-07,2.3612245478146345,0.8736529350183848,0.6251403709291776,0.8624312418670724,0.11168992392065671,0.007855695668983533,0.018393689073335908,0.8620606913370239,18948.215087478857,4153.610676628061,2143.3662077841345,1557.4022863286082,6791.238575615393,5233.8362892867835,4145.51721061075,26780.37601566168,36.75393703852688,542.5083755762474,16736.52101071434,47.02833472914862,1126.707365276798,119.66286530970723,0.8624190159099957
20,EAST SIDE,0.6595544206430431,2.9660906270693004,0.16364101318384497,0.30156059749749364,1.71370553687797,0.031710745178009,0.0,2.669760433519891,0.6227835539664184,0.30156059749749364,1.745416282055979,0.07878067680831809,0.0020450388372942625,0.006973869558259429,0.9122004147961282,23771.76215761019,5697.788926011871,1206.1187684639924,923.0240236809886,6998.968566915044,6075.944543234054,5688.836785978138,48700.47750222121,16.18813518557636,19456.561861144066,910.7481560546865,40.06372835351105,3252.3131147983877,106.8116873809159,1.7454162820559789
21,EDGEWATER,1.2197980335340988,2.933221475583454,0.39708029274369067,0.4576122979761972,2.4227364800278917,0.13726491489639384,0.0030154677306732983,3.231950889485979,0.8266824825680853,1.3148914306720694,1.0903769762458246,0.07386455403833744,0.0029035071160875498,0.00948237686530839,0.9137495619802665,57639.1579772091,23768.130717824326,3455.9146607700527,2572.429747359594,29275.477322021103,26703.047574661505,23711.095275482192,60388.39906592488,10.195209743397102,8673.26811411415,7097.586547318852,31.040462459415483,32618.663643767308,7169.0112297097085,2.5600013949242855
22,EDISON PARK,0.9266189270195239,2.9999999999999996,0.2985732513364123,0.6005790192637529,1.2208190472503204,0.5566302991502217,0.004049487523720313,3.187489468744334,0.8094611030800386,0.6005790192637529,1.7774493464005423,0.013822516597567234,0.011226389050914625,0.002044030920297593,0.9729070634312205,15745.025173915921,5360.265660776045,736.2831456428677,527.2563600117207,6144.599146541159,5617.342786529437,5320.248754406007,116286.51637647796,2.4162739861840477,1210.3865010267764,81.62976480603095,30.428659389728914,13463.759302757971,657.1042054521444,1.777449346400542
23,ENGLEWOOD,0.9661231893069924,2.999992300341428,0.5873085560788951,0.6322084967897509,0.9090127750541608,0.0481847937631259,0.001554146538661962,2.486051283985351,0.8966452184578274,0.6322106876606637,0.9571953778668599,0.07460585238940531,0.016048225616099355,0.004324162334070432,0.9050217596604249,22872.804819959,5073.03493983574,3103.121669928628,2252.6386426504996,8966.310514164274,6713.671871513773,5048.031564715835,23790.63826563587,37.01394199553492,844.6012101633161,21645.358571874018,50.037634251355385,140.0325486034898,67.96935021438813,0.9571975688172867
24,FOREST GLEN,0.8591893050637358,2.999999999999999,0.44639434430539615,0.6212543098332399,1.0608926122230011,0.5379846033381841,0.0,2.8963854225487555,0.7221258025269869,0.7270244527358566,1.4472351672859125,0.07353229081469098,0.0047178082261596635,0.01100596469732286,0.9107439362618264,26675.051115135535,8319.295542247444,1164.7732761977268,1026.2209112687542,9710.171780427008,8683.950869158254,8240.244401730048,111474.9795569403,4.676270745549355,3368.283308937081,479.26228819524937,38.54230120135504,18714.711663269078,3535.3242877339844,1.5988772155611852
25,FULLER PARK,0.8453811150028411,2.9999999999999996,0.5273208828797029,0.22441184531887876,0.6332473497062547,0.045250770532133645,2.078527816208456e-05,1.5792631264449186,0.6764504113744836,0.2314398941504942,0.6713728209199405,0.27287228396492935,0.07288462960428517,0.02250753946495328,0.631735546965832,2393.59734613659,684.0480990182182,394.4259596390332,348.005769324742,1149.6492755171964,801.6435061924542,684.0365406853127,24728.663063599426,23.156181851185167,136.79797557063327,2155.3333252417433,55.010675464782096,87.5450547958812,2.735006623086209,0.6784981202383884
26,GAGE PARK,1.0415665978213238,2.9999999999999996,0.678538262313833,0.5636744059269528,0.9958918764564167,0.003261613398721675,0.0,2.528609631507708,0.9657817357256165,0.5658441210094132,0.9969837747726781,0.028352360624132475,0.009118913374714113,0.006542693165631076,0.9559860328355223,37215.40956957142,7174.5424215075345,1912.3585341565315,1697.58156635609,9761.336540427947,8063.754974071855,7174.542364262419,44382.97884007294,17.43691321399247,34008.10838740642,1446.586871068286,35.28862709012993,1474.779944330989,235.21560132525218,0.9991534898551384
27,GARFIELD RIDGE,0.9839678646693699,2.9968584727976704,0.5233382217411584,0.31455489488538146,0.953877763852846,0.7559996771787556,0.0,2.8281500286581056,0.8045667628092815,0.3137058248172226,1.709877441031601,0.022362755831823098,0.009497909178065247,0.007175185115303298,0.9609641498748085,37225.99024068664,9556.010723757763,2077.869741351829,1621.357643776032,12306.966209232078,10685.608565456045,9479.998213380606,77795.15337269822,6.463275627192177,18988.105945627274,1953.7856046021677,35.13171138235964,15561.36379983161,448.5042314238467,1.7098774410316016
28,GRAND BOULEVARD,1.1945600146686015,2.9999969483482136,0.38721706149169166,0.5585712029586785,2.0830397697329706,0.1685608162152346,0.0,3.35366746889191,0.905538424766165,1.3614658745135684,1.086663169612176,0.05012691640904586,0.017384192649158244,0.019480210084703235,0.9130086808570924,22649.181997894768,7843.736547087682,2482.074737918297,1893.9542039713397,10704.987564015722,8811.033360044385,7821.7415851734595,39562.44806943074,22.895586172315582,513.3692365199537,20563.70763481046,37.71060265660421,816.109313846099,157.01351170706653,2.2516005859482053
29,GREATER GRAND CROSSING,0.9555777710788032,2.990728860009591,0.4993549934148799,0.5047492004155328,0.8400542885831043,0.13603382065395558,1.4193475065795952e-07,2.3167527484164645,0.8359154387638719,0.5066853577380612,0.9741519519145312,0.1413936239928461,0.015505059046842481,0.007794047548438433,0.8353072694118728,30232.54172463032,7722.784673636549,3850.529031466348,2450.900697206902,12168.893274102858,9717.992576895955,7678.811379642168,29734.89316250995,31.76123352420445,524.7132232040269,28918.948915159282,41.6546273628147,305.50601118922964,4.339524236614942,0.9760881092370599
30,HEGEWISCH,0.7090627893905527,2.9288128547316803,0.09058095409338,0.007228490449422843,1.1692651877087568,0.3973189326195027,0.0,2.195970784033842,0.6221581732561599,0.007228490449422843,1.5665841203282596,0.31156833273158524,0.04742488664392693,0.002833256868143688,0.6381735237563442,9043.823777148315,2698.598692639997,639.7272713005226,481.73633880188277,3508.979730189705,3027.2433913878226,2698.5508328280584,56133.09105869861,12.396407096277768,5469.066453975669,382.23327590505903,45.39649428730571,3170.1074900286185,0.3787471145090008,1.5665841203282596
31,HERMOSA,1.0662158995986444,3.0000000000000004,0.603384758994722,0.7545785183648193,0.9557752308461593,0.44135377370977685,0.0,3.1103117623359697,0.9585914158546209,0.7545837814798654,1.3971365650014833,0.022249692618363362,8.274928137942285e-09,0.015887879250032134,0.9618624198566765,23530.934806940673,5319.777466595003,1385.5906325003093,956.4065390883063,7129.2456706319335,6172.8391315436265,5304.643997462528,47579.41232793963,14.529863984619176,19406.734710596425,911.8737991172675,31.388011086494913,2515.8841995412567,518.2645953646334,1.3971290045559361
32,HUMBOLDT PARK,0.9989603897205264,2.9999999999999996,0.5783905099406011,0.7781272895622589,0.9068276151798861,0.23033144739414332,0.0,2.8065808876084843,0.8900280737380494,0.7810803597922972,1.1354724540781378,0.07105387015070481,0.009193833401773252,0.014295232906704518,0.9054570635408173,55017.5922526554,11929.790796530533,4257.564117870167,2853.0915268748086,17415.65083798168,14562.559311106872,11880.043435757703,40846.82981142883,22.7262322071622,32079.067576371956,17607.68946114076,34.49471164341265,4251.496268432064,345.12137812375795,1.1371590625740293
33,HYDE PARK,1.1763436300742482,2.9539014416545077,0.48973280113503914,0.5270712371488172,0.7799424520575705,0.0657780066433488,0.0,2.156479094303217,0.7479432105852365,0.5269652604725555,0.8815706232454251,0.1838660352977333,0.024538154431952616,0.015920743670686768,0.7756750665996273,27492.069819597455,11246.161032897406,1213.8119395614322,777.7965945005445,13294.417916119926,12516.621321619383,11189.160907828033,-36120800.489255995,6.228666864666186,2046.0602340574035,7279.770304384889,37.11697718457568,13153.311798769206,3720.5106833473906,0.8457204587009193
34,IRVING PARK,1.1469265331623777,2.9999999999999987,0.3937158135720486,0.627335333535054,0.9460202319653034,0.8182611694381198,0.0013681257314962388,3.3136182584231975,0.9080000651297919,0.6290327894106706,1.7765854038827344,0.039415500299770596,0.004971729108330101,0.009007679699459007,0.9466050908924404,53472.35159942665,16912.061823040254,2983.57315218875,1669.0329215459055,20538.215268533142,18869.182346987236,16801.323129493157,69798.27568800752,7.151259611435721,22403.197375781732,1747.6126447507527,27.467502904256868,22877.96236936249,4523.042551234256,1.7642814014034232
35,JEFFERSON PARK,1.074505699562531,3.0,0.40450539419070786,0.5512319219005659,0.9408497702521627,0.5796505546322569,0.0,2.932969105346613,0.8595213214466986,0.5528484341702341,1.5205993497296806,0.04246959039241897,0.007542344815516917,0.00596904920817862,0.9440190155838853,27472.222308747332,8986.504412701483,1216.7019687994884,871.1659120714073,10368.95847972759,9497.792567656179,8902.513861584372,77372.55890615906,6.970405679108379,6797.135504808344,292.53637228993614,32.915046088374126,17042.430042526925,2621.848421215826,1.5205003248844196
36,KENWOOD,1.0349808259679838,2.94778990289386,0.5765252364690214,0.29866774622479164,0.7592399543980677,0.12691462917202426,0.0,1.906285796231074,0.7136730425108287,0.32573823846934846,0.8668745152508968,0.22227858462893868,0.03957596485750015,0.006006083103580516,0.7321393674099809,17936.426758922153,7484.713860977904,1559.4090743771678,949.1187317114818,9560.283847090752,8611.16511537927,7481.713990431628,52321.776034023875,14.714592401468819,435.30980321338245,12096.53676440995,34.38126465304425,3407.8017421982213,1242.4595325935222,0.8861545835700919
37,LAKE VIEW,1.1389412543390793,2.9652660726237094,0.5040683654198647,0.6217862357123941,2.467427855310381,0.42786811977269923,0.0028459231095250823,3.7402422124899304,0.8484543640676684,1.4967770539048382,1.3950110177212984,0.06390441458600099,0.014602481722138311,0.018275276462544118,0.9032178272293164,101350.02785543686,48829.764321750044,3064.654488047951,1927.8794501394677,53474.101081630426,51546.22163149097,48698.77224489919,101382.00411194381,2.6752494238729527,8701.27547448608,4043.4099094281546,15.551439743314734,78679.03044068473,7019.81222633201,2.89529597508308
38,LINCOLN PARK,1.1782560758603358,2.9603009197499843,0.37503814436352384,0.6056348887362346,2.304630912224947,0.2882120829745953,0.0027223524252557004,3.55796092258793,0.8847273765631217,1.4571064918700305,1.2161270541547782,0.06258841850883042,0.035024590563066706,0.014937538684227798,0.888813530857269,69330.66135902266,29451.38205235886,2021.9754612602637,1685.6243612632443,32326.31494787885,30640.69058661561,29426.442783206287,125466.13839987172,2.692605154759551,4334.176166842933,3407.980566018129,22.36243604619925,54531.02968645806,4987.671886060283,2.5928429951995424
39,LINCOLN SQUARE,1.2184613646056583,2.9999999999999996,0.6802545507425101,0.8197690129546045,1.0131495932456953,0.1513169291821235,0.0,2.9456511975588318,0.940067767942122,0.8601450822464081,1.1454383473703007,0.023579562443843606,0.0012634827176775435,0.009077160658148705,0.96607979418033,42005.28571251269,16466.890634369258,1320.987069886753,881.669154405924,18305.52060858038,17423.85145417445,16450.006539896185,79245.0864107893,5.055456029631523,7601.191686143522,1467.8023296418999,22.784893639624535,27098.9685345298,3805.5056230989394,1.1644665224278188
40,LOGAN SQUARE,0.9632886592941463,3.0000000000000004,0.47875430656733275,0.6365975549819534,0.9131341482771866,0.7602486686796863,4.036307413649309e-06,3.153535810256349,0.819550328785544,0.6399399081358312,1.694045573334973,0.07776025081994958,0.002441082312999048,0.004733976125669199,0.9150646907413821,72427.31025028875,25302.709357791107,3674.382355831229,3270.2526890153285,29828.133218636747,26557.880529621423,25292.59387881194,84358.93012619107,9.943884614519575,28423.62862053447,2932.135766915245,20.345411408778283,36241.22321693554,2807.1719086013686,1.673382816956873
41,LOOP,1.0438012392202325,2.9379925124577926,0.45427996706161955,0.06631066333486575,0.9814322761415956,0.2085463964999728,0.01980024796491947,1.744301303754985,0.5061630808381611,0.3605737278004357,0.8786173181278745,0.31490069795531717,0.12392257774052648,0.020606372102750275,0.540570352201406,42089.09255490382,19769.814110206116,459.56937199548435,491.4027137005691,22947.308222604406,22455.905508903837,19769.81298657744,110996.2683212853,3.517967356163084,3556.130560745658,3105.562649380673,27.836796078133016,26147.537930316812,7897.069000096751,1.1899786726415684
42,LOWER WEST SIDE,1.0218827875452514,2.968305172650577,0.6116076921598366,0.6666211476526939,0.8835410569406534,0.04656948528942099,0.0005877767629232927,2.4917611475514674,0.8748563156993097,0.6672402787397774,0.9502519185943535,0.08688274900832474,0.02458819592498915,0.0018421652961008684,0.8866868897705853,33047.091045098095,10072.583820315258,1807.5905167171513,1352.1095640858034,12404.78781205141,11052.678247965607,10072.505563158284,51838.529173709285,14.185402532229075,23156.822986879346,1141.5797028893794,28.16932137125873,6918.502550821753,1364.9259340007313,0.9301105422300744
43,MCKINLEY PARK,1.0802493992917768,2.9996245456996746,0.42704262960907635,0.3842603425605689,0.8925770081457723,0.17702108978461242,0.00013964888567737104,2.3534495187465727,0.8990739187740244,0.38968993706766547,1.064687950625887,0.06610865309338243,0.023432116162192596,0.017853339926754364,0.8926058908176705,15351.255197398523,4435.765065891629,661.2253296011701,499.4780714724368,5246.077187266477,4746.59911579404,4381.7327851376995,50048.952777684004,13.929911169407688,8607.983294890246,226.25340610070376,32.88341683412089,2704.1295437129793,3654.821896355948,1.0695980979303847
44,MONTCLARE,1.0729642558206522,2.9999999999999996,0.3704032854944235,0.7623062573458821,0.9719614460743278,0.5118769222136953,0.0,3.1193655015350017,0.8731985462004861,0.7623062573458821,1.4838606979886335,0.009422911467839676,0.004642715015150838,0.013950597742071023,0.9719837757749384,14302.405938159784,3315.4234951159697,1073.3112703673864,836.0249162345823,4572.999364408693,3736.97444817411,3277.432360809466,51819.91295144008,9.601063259375803,8566.833649322249,393.4563317039137,36.98801914795796,4500.230025153248,458.8942315032036,1.4838383682880232
45,MORGAN PARK,1.0187852337401906,3.0000000000000004,0.23995604984392618,0.6043375853114553,1.5341386914390278,0.023534827151465716,0.0,3.045856272701584,0.8858064043955898,0.6023763497154998,1.5576735185904935,0.0764925817029108,0.008668582678772154,0.006252505511706252,0.9085863301066109,26912.8900758332,7721.3377445073465,2015.3161946707578,1386.893294278802,10406.775269295671,9019.881975016871,7705.473518755823,63130.947087341156,7.984423938646264,2589.3792843614237,14522.96966591241,38.93870854732123,9073.77175718769,136.41790409172418,1.5576735185904935
46,MOUNT GREENWOOD,1.0111301241598551,3.0,0.17458689578396125,0.7837366045641243,1.8752780546788546,0.0010675077916852212,0.0,3.5486719569983576,0.8886787489463338,0.7836476455814838,1.87634556247054,0.019200539483881385,0.0049845434942858684,0.0017756263851438426,0.9740392906366889,19376.060046791954,5778.690198330618,886.1825270422895,601.8798195260797,6765.330438680603,6163.450619154524,5762.56399317812,103834.98629367274,3.12448505896742,2064.4795226238407,720.7572746261997,34.34010778552582,15984.871787729091,356.3953383728865,1.8763455624705399
47,NEAR NORTH SIDE,1.202935020699635,2.963056323563013,0.5139193352567406,0.18327738224524187,1.751394103044774,0.276851717806354,0.015162659897488969,2.675237185530066,0.675205907381311,0.8455292886013954,1.1545042322661556,0.15297769452311144,0.03825890045508959,0.04088481204377036,0.7678853957438009,89982.85052945599,49187.022241383005,2887.0868695914924,1992.7212820646976,55004.606028413255,53011.88474634856,49172.94304437339,105735.36043666412,4.169965063618913,5100.409818257793,7556.915765134676,24.91483547800326,63186.09646977678,11738.393609833745,2.028245820851128
48,NEAR SOUTH SIDE,0.8870219039309919,2.963372673075258,0.5887383057595803,0.1017531834936348,0.9806826469289651,0.14448753865847047,0.023693650129047658,1.6424407757753074,0.29676087969736703,0.44760624924186704,0.898073648298573,0.3614705614001989,0.11749776438450855,0.04129397456235377,0.4797376996529388,24682.01967718768,13174.233906948186,747.2926726209396,618.8338325137387,14449.59622840259,13830.76239588885,13174.216407418713,109762.4409467467,5.188214741953594,1375.3572988812664,5880.7178235661195,21.272562933825203,13138.967404252062,3473.513837894772,1.1251701855874356
49,NEAR WEST SIDE,1.0004696535957414,2.9999979202289357,0.5473382967843847,0.2574621019287982,0.7307246153767043,0.13283775413426885,0.009632750318309955,1.910431909517757,0.6994834666361307,0.27773396757822494,0.9332166817169683,0.17378136788225956,0.09358622209946602,0.010747437864403414,0.7218850414601966,63270.08744625397,24195.834352488204,3063.6055193301,2141.305464554329,28647.384004154672,26506.07853960034,24166.930675885178,88345.76279694746,10.480645523965107,5918.144621853558,16884.866914801925,28.560883151436144,27315.672894852178,11238.654191055026,0.8635623695109731
50,NEW CITY,1.0626538470531748,3.0000000000000004,0.5308504095837798,0.6981837037090708,0.9225036486575091,0.03322405240660652,0.000653042849259729,2.580615010816034,0.926703493256154,0.7069979419573398,0.9469135756025401,0.05117907066108732,0.023636339173452585,0.011493680248756213,0.9136909099167039,39471.15619786246,9082.83331710627,3162.776587981566,3010.88669076772,12781.410057691774,9770.523366924053,9058.84315339832,37460.98027656101,27.080942095469197,24284.54870234998,9105.258781654,37.100673450801295,4991.901659138861,767.5253914253614,0.9557277010641156
51,NORTH CENTER,1.147240562317734,3.0,0.41200118348970816,0.7692454709356493,2.2631595495836745,0.8491417033511036,1.1163651463493839e-05,4.353536671661759,0.9403207770802091,1.5935928582812213,1.819623036300329,0.01782911193134378,0.0011420939780575864,0.010026896287577736,0.9710018978030208,35607.59308648634,12784.7279740646,1163.9555083739979,675.818747679482,14118.509566918732,13442.690819239248,12760.488357791412,127722.79717223087,2.553630277558922,4097.902650423933,752.4403068142285,18.840226325287826,27655.491897117878,1742.8034098125058,3.112301252934778
52,NORTH LAWNDALE,1.0478041189716425,2.9999999999999996,0.5842375870855362,0.6914896168838373,0.846101416697818,2.2953529044203663e-06,0.0014196958306485017,2.4098174539612898,0.8722218301807326,0.6914896168838373,0.8461060068967196,0.1235855679360335,0.011291861144052506,0.019018859375449414,0.8461037115444645,32059.45190422818,6631.847604518265,3318.089269546903,2655.6317244963693,11071.958544329933,8416.326819833565,6603.9190988576265,30623.974623298982,31.439091133880464,2969.120274958503,27502.571801893417,46.30072053548332,1159.7106597768186,50.55324623075522,0.8461037120507224
53,NORTH PARK,1.0642027506203406,2.9999999999999996,0.6259571541993221,0.5201526845978042,0.9841096256926274,0.5083913891125115,0.0,2.8172868542278984,0.8055668145713526,0.5376390948206902,1.4740809448358552,0.02473118589114913,0.005625335745722437,0.003955474000764981,0.9656880043623634,18893.585032839455,5286.754421602288,912.3196907139759,732.4014261978281,6551.64953818255,5819.248111984722,5286.680408870488,56056.91585303501,10.347270925350095,3795.9918258992907,524.8657991515776,40.20303126964965,9123.058482616423,4760.747439298585,1.4925010148051387
54,NORWOOD PARK,1.0124987588379082,3.0,0.5578591341629543,0.7043174571402623,1.0206018742172152,0.4171367548292018,0.0009608841482975034,2.983678524955343,0.8416224387686635,0.7043203726337469,1.4377357135529325,0.04026103977534378,0.006884714719085107,0.00657170989171798,0.9462825356138531,43938.183931813765,13934.3094333948,3057.8622050366844,2566.477975089964,17314.623185793705,14748.14521070374,13840.44610870679,86467.36509716797,5.336586557967009,5878.793086552931,376.5138241934784,35.74549682015267,34751.68037069773,1806.6182150772156,1.437738629046417
55,OAKLAND,0.9215070168487846,2.9515785383405704,0.5125125377029327,0.6211685585006483,1.5022639007291523,0.039156420675089704,0.0,2.6679327200880882,0.761050414240873,1.1826724803386464,0.7242098255085687,0.21579292236422032,0.023693808269514102,0.07545965462164884,0.6850536147446168,7214.0784153216155,2481.510691696497,626.8623048118933,436.3252879212992,3226.9230132938656,2790.5977253725664,2481.505311093284,33224.15003846348,24.22872691895654,299.26277541084573,6567.823657063943,29.427307025936525,205.97603455857913,70.76505966530377,1.541420321404242
56,OHARE,0.8135031650639746,3.0,0.5444794629633217,0.4449249610763553,0.7269140550722727,0.12453599937176843,0.008568901767941232,1.9437193028269837,0.6473442873065876,0.4464154047314762,0.8499596107889202,0.2642307449925859,0.020435831974680997,0.02372410652939315,0.6916093165033398,32940.356457459515,9382.79839722181,3204.2319204917376,1920.6545206614603,13095.668191790164,11175.013671128707,9343.748785944665,57229.5226994777,10.938028897283406,9496.156060963509,515.9964118005526,33.82825468717656,20004.676420848806,2513.010210156175,0.8514500544440411
57,PORTAGE PARK,1.1139641888005194,2.999999999999999,0.4331584910466398,0.7179728717365773,0.9846074704972086,0.7859713440009614,0.0,3.4158139512886643,0.9262389402176997,0.7179728717365773,1.7716021393343868,0.00587887847941513,0.004546293780536013,0.002438665048218685,0.9871361626918299,64619.71975177998,18662.930179074683,3261.866009458782,2093.6246524897265,22486.928615206903,20393.30396271718,18573.90767207274,69443.21507432174,7.225999852615089,28012.05927743749,981.4681953201268,30.874031966206633,30300.802806510506,3393.318314874124,1.77057881449817
58,PULLMAN,0.891641446018744,2.9998728239376597,0.18296408511257248,0.6863784409850493,1.4445611773306353,9.77962443134352e-09,0.0,2.9163703843412345,0.7854307562459253,0.6863784409850493,1.4445611871102597,0.18976287163692698,0.00830306754673595,0.012633738372518992,0.789300322443818,6883.722861462529,2438.8686362843673,550.2626992155639,374.62622613631316,3164.4891756770585,2789.862949540746,2406.8153012764287,40833.93127837005,16.707838902195306,380.6044002525891,5584.23032522852,29.80193712282591,682.1310631704835,8.997103897012291,1.4445611871102597
59,RIVERDALE,0.2951941666775943,2.9143996944736714,0.27385422322137953,0.017989193593474617,0.7315023892110388,0.005774868009021915,0.0,1.0049805710081123,0.24971412019457703,0.017989193593474617,0.7372772572200607,0.37540491379287333,0.059429924184620966,0.004739475911514555,0.5604256861109913,7390.490702257881,1922.231996042065,645.9457677404951,424.7823750016952,2653.5749528058136,2228.7925778041185,1910.195319185114,15535.724207237123,48.56109087770447,269.47168590919955,7003.094777029465,39.86606506054308,95.36426586465336,22.004477777744384,0.7372772572200608
60,ROGERS PARK,1.2370616744459901,2.993843926907768,0.32513504644244995,0.6948244355884226,2.5809292028395867,0.01325311985879711,0.0,3.523699137280793,0.9362444299257485,1.6046826414065631,0.9827720659484803,0.0346695959118536,0.0030294501233008564,0.0069350422583915996,0.9553659117064539,55507.38127460925,19700.419440675403,4058.2266946150244,2277.6444364757435,24841.939337817617,22564.294901341877,19679.41733991462,43178.81657745032,19.015421111670832,10889.842302334957,15189.65156240743,30.23780612674876,24377.94708986312,2700.1899654733265,2.594182322698384
61,ROSELAND,1.0621312064326782,3.0000000000000018,0.36351914049579964,0.6879962602491395,1.733738096155581,0.0005042900716829171,0.0,3.356822148282538,0.9345835018061351,0.6879970557073507,1.7342415907690527,0.04554467077213292,0.0025711778083714974,0.010974443075057292,0.9409097083444385,39248.66466502988,9963.576013643027,3653.819730923857,2399.4643613293447,14031.942913596282,11632.478552266935,9893.564126127982,41097.0909491151,18.812916591045273,459.5973995924698,37365.49097844398,42.19906435135422,557.2796134253897,164.9625293318265,1.734242386227264
62,SOUTH CHICAGO,1.0724731788148303,2.977053163698607,0.3318230185942253,0.6006511900125965,1.8056699233722084,1.8970036469382862e-06,0.0,3.3679348695842783,0.9616118591958269,0.6006511900125965,1.8056718203758555,0.028818245042842718,0.010609721670063266,0.006412633556758851,0.9541593997303354,29870.905822161018,8236.895822988581,2313.3437824756984,2093.5204400466932,10807.793897923126,8714.273457876434,8215.896219580973,38551.34156704354,21.214353952087826,5892.81646618982,22853.659277539937,39.925623808797816,840.4375813173446,103.41835325268512,1.8056718203758553
63,SOUTH DEERING,0.8147956642708861,2.961565690695049,0.1828655998419861,0.33834647418834907,1.3449794526754424,0.0016740408367689208,0.0,2.433832239105462,0.7488322714049008,0.33834647418834907,1.3466534935122114,0.23219388732159194,0.03134520692682523,0.009554636812815941,0.7269062689387669,15477.16099633688,4031.1502665580406,1189.320315133748,927.1781601777004,5307.762007739228,4380.583847561527,4024.1718527191606,36945.68249984719,27.869451399757025,4783.413687315833,10039.969534477677,44.16147467546812,609.194312636492,0.23677757923106907,1.3466534935122114
64,SOUTH LAWNDALE,1.1016725601450204,2.9687375402003533,0.5021504089423978,0.5160340636106401,0.8888383748810514,0.01848167512168412,0.0019411847257352535,2.2967092814119066,0.873355167798531,0.5160340636106401,0.9073200500027355,0.06887164289969588,0.03716455754348495,0.002418248852513907,0.8915455507043054,72079.07466096645,11677.455222828416,5436.07435606193,4587.953761211836,18119.59100953545,13531.637248323612,11653.324967972947,34428.254878396096,26.36221714929658,59902.61891286752,8782.324219299444,47.95809446832957,3108.7144835542476,105.77071506149473,0.9073200500027355
65,SOUTH SHORE,1.1798586196764034,2.9773656421601156,0.7302054050435655,0.6672759489991087,0.9301740247659582,0.04644349113723664,0.0,2.5509937424296623,0.9081401763373604,0.6652684974803045,0.9775850686119973,0.06951880357134674,0.00412503546057849,0.00395251255507235,0.9224036484130026,50565.720662958636,16123.047817564504,5736.249059041416,4452.2051327997515,22485.764462155115,18033.55932935537,16123.047245747835,33978.61058718615,26.72667609802093,1243.6171685200843,47323.956161771406,38.00594892238862,1233.458511535453,104.46638076485624,0.9766175159031949
66,UPTOWN,1.2544134353054732,2.97304459705123,0.522384657647425,0.7260179859460939,2.4583724905375015,0.09639002733429282,0.009203838133297948,3.509145419670126,0.7586709567841818,1.5845842444894174,1.1707083361491502,0.07207641359933208,0.004706457346155262,0.011283701675456465,0.9119334273790562,58989.29683201271,24055.686058790583,4334.340871451236,2940.0168445283166,30517.71626643181,27577.699421903497,24007.706912230387,55950.030721126896,14.617024809584011,8609.70064141802,10473.823787172163,28.377771566246714,31985.01630527393,6206.6728558079185,2.5547625178717945
67,WASHINGTON HEIGHTS,0.9748207178020979,2.9999999999999996,0.3953348296412945,0.5572611092623231,1.6339621430053406,0.02799309141019378,0.0,3.081471672808879,0.8622553291310212,0.5572611092623231,1.6619552344155342,0.11773066429368303,0.00973462754563554,0.004041329641358591,0.8684933785193228,26640.639513215505,6692.517943424729,2119.6448792472174,1214.2007117802325,9256.000360864406,8041.799649084172,6681.536894136152,51613.26838750223,17.295758071769168,305.3220294661772,25584.73465399595,44.29098276289265,372.7310337169656,43.09909972280343,1.6619552344155344
68,WASHINGTON PARK,1.1951314391529937,3.0000000000000004,0.5793922746766963,0.7257368460755941,0.9432519393272499,0.007119718226100053,0.0,2.5513196058092533,0.8909339626627379,0.7521983998917906,0.9081872432547249,0.07920970671279404,0.010403295169818413,0.009320098795826619,0.901066899321561,10968.671790761335,3137.871011611133,1181.20095414086,774.1862331812354,4526.052415028794,3751.8661818475584,3137.871011611133,25232.06937481095,33.57534891524704,263.1662722179589,10145.695878809021,39.242768068918046,121.06972926095338,0.02359663195133361,0.95037165755335
69,WEST ELSDON,1.1432968883031158,3.0000000000000004,0.5244565830211247,0.8432213847319927,0.9952153471061509,0.5137941431363091,0.0,3.261997000774821,0.90976633612179,0.8432211744105711,1.50900949024246,0.005996446466547435,8.616011355700607e-06,0.010757169706500022,0.983237767815597,18974.177912298463,4030.5061933138136,952.6487862283955,723.5661202279754,5136.053426979901,4412.487306751927,4030.506005456487,61648.06203575118,6.5944920204460145,15347.58693792055,317.8769501634065,34.30400917481532,2749.6341189223813,533.2407780620811,1.50900949024246
70,WEST ENGLEWOOD,1.043533949205138,2.9999999999999996,0.6534148691160466,0.6816922964207708,0.9706517457102309,2.880934445404916e-07,9.592266453300099e-09,2.6167638626002345,0.9644195323757885,0.6816923371722714,0.9706519930521752,0.027715042974981362,0.005270461997847612,0.007000699346230253,0.9600137956809406,26559.421590047514,5468.583426589276,3619.8718089546005,2822.2422663436587,9538.997921785152,6716.755655441492,5468.582636550107,28371.025484723432,29.640746284142605,2721.260950250248,23051.695434502122,48.794606972665136,428.4300210988074,27.30514349407083,0.9706520338036755
71,WEST GARFIELD PARK,1.1644603453037017,3.0,0.7243156603475484,0.7014719287661146,0.8705315290836866,0.00010292018333372999,0.003635935885340953,2.4825636175805914,0.9104572395474566,0.7014719287661146,0.8706344492670203,0.09138140872576458,0.014832804507457532,0.023254257683091292,0.8705315290836866,16414.183994419276,3290.0330505163643,1745.6290630144586,1306.1300650953917,5352.551651828237,4046.4215867328458,3272.0097380190073,25584.22520091851,34.43185901739899,489.5078663368519,15270.980358196284,49.07381496954119,406.86152579248744,0.04784095969549003,0.8706344492670203
72,WEST LAWN,1.140677853023899,2.9999968198967326,0.2568814931656771,0.7957950592728106,1.76318276331231,0.43161414040472884,0.0,3.9011289158007774,0.9090599484530585,0.7957950592728106,2.196273908074908,0.047286463554188043,0.010340090539505494,0.003953141349789596,0.9384203045565173,31845.41489395102,7084.4215011789365,1749.9896962977464,1466.1410215084345,9260.880034945725,7794.739013437289,7010.749006032836,54654.42483091655,12.128907043768796,26725.34386671322,857.7998475945014,33.35435903075035,4022.682396631543,142.50669585747542,2.1947969037170387
73,WEST PULLMAN,1.0856890614959036,2.9780838898609576,0.28895965960873193,0.47604876987897987,1.724945371265048,0.028744343097856444,0.0,3.1703483541781923,0.9406098699363078,0.47604876987897987,1.7536897143629044,0.033083572452374574,0.01159833078304197,0.004213435426431264,0.9511046613381522,30008.407858652692,8097.385145748864,2175.221780113858,1624.9344670625428,10593.348296557464,8968.413829494924,8072.421924344175,43455.23505602412,18.0394339765857,1561.7881682630714,27568.104616085282,39.59228715553979,289.98204496463575,5.09780160860677e-05,1.7536897143629044
74,WEST RIDGE,1.143443297929186,3.0000000000000004,0.3349909878409773,0.5945352889729055,2.465237472073327,0.010407744691508921,0.001085011628601809,3.496939891282261,0.9715519889119615,1.5425953793484473,0.9827925230218524,0.01613982731393893,0.003567370972531265,0.0079080977224001,0.9723847039911301,78422.46430477,20863.40205450325,3674.066089992,2197.782802230494,25700.1501079877,23502.367305757216,20768.42063388843,56427.99885922825,16.28064535893461,14824.578147901519,9082.067738288484,36.86007060086,31817.50024610398,18639.92875838555,2.475645216764836
75,WEST TOWN,1.1017258963668983,2.999988848707227,0.6095256491800448,0.6945733200922158,0.9409807949250589,0.9631369154811612,0.0010997226649340477,3.5311223635287994,0.8738757562241376,0.7028660417486445,1.9548376542437695,0.04788795871318842,0.010591464500486137,0.004147724041647188,0.9379066880654021,84703.71938603865,34028.1149483662,3202.776383570696,2541.177092009807,38282.04925462715,35740.87216261734,33991.11839924036,106700.52163480429,7.568673056955756,18642.669028346445,5742.812530766174,16.87532008052076,53892.731100996694,4171.156110700087,1.9041177104062201
76,WOODLAWN,1.2126767755530268,2.964028822993037,0.43652872952482524,0.5416371117277547,0.9101033166492991,0.14797509621877755,0.003942017449208517,2.526097381949543,0.9241355764319439,0.5438284511133937,1.0581333544042053,0.053999565103918123,0.02425999096414016,0.013828537997141137,0.9079119059348005,24467.733066534613,7756.706366439382,2415.3875565048993,1841.01060156582,10441.47988692871,8600.46928536289,7756.706366439382,29214.934571573227,27.918224849164258,832.3775240245369,20208.104418452534,44.198668550516594,1924.0279717329754,889.3970770980634,1.0580784128680767
